0.161852 -0.323700 22.915127 0.161852 -0.323700 22.915127 -516.000000 -534.000000 -529.000000
-1.791929 -2.428592 31.582916 0.322790 -0.322785 44.437706 -515.000000 -533.000000 -530.000000
-2.153049 -2.853031 37.841175 0.323702 -0.323696 44.804390 -516.000000 -534.000000 -530.000000
-2.192900 -2.916337 41.083336 0.324619 -0.324613 45.720814 -515.000000 -533.000000 -529.000000
-2.296321 -2.827770 22.019478 0.162311 -0.162310 12.806285 -516.000000 -534.000000 -529.000000
-2.333323 -2.794248 14.421771 0.162311 -0.162310 12.309781 -516.000000 -535.000000 -529.000000
-2.346659 -2.777592 11.754697 0.162311 -0.162310 12.689983 -516.000000 -534.000000 -529.000000
-2.250794 -2.770578 21.756262 0.324619 -0.162308 30.521837 -516.000000 -534.000000 -530.000000
-2.313825 -2.770208 14.314979 0.162311 -0.162310 12.302869 -516.000000 -535.000000 -530.000000
-2.337126 -2.769262 11.426845 0.162311 -0.162310 12.227773 -516.000000 -535.000000 -530.000000
-2.345155 -2.865324 15.993535 0.162311 -0.324617 21.397663 -516.000000 -534.000000 -530.000000
-2.344240 -2.901017 18.107870 0.162311 -0.324617 21.989483 -515.000000 -534.000000 -529.000000
-2.345845 -2.916569 19.416784 0.162311 -0.324617 22.803339 -516.000000 -535.000000 -530.000000
-2.345302 -2.817940 13.497557 0.162311 -0.162310 12.419262 -516.000000 -534.000000 -530.000000
-2.343841 -2.778968 10.856711 0.162311 -0.162310 11.803007 -516.000000 -534.000000 -530.000000
-2.241575 -2.762686 21.108040 0.324619 -0.162308 30.010956 -516.000000 -534.000000 -530.000000
-2.201636 -2.754692 25.240089 0.323702 -0.161849 30.358089 -516.000000 -534.000000 -530.000000
-2.184278 -2.750334 27.063570 0.324619 -0.162308 30.746981 -516.000000 -534.000000 -529.000000
-2.173005 -2.746984 27.601631 0.324619 -0.162308 30.487995 -515.000000 -534.000000 -529.000000
-2.167549 -2.843733 36.608555 0.323702 -0.323696 44.721737 -515.000000 -534.000000 -530.000000
-2.266484 -2.779003 20.315609 0.162311 -0.162310 12.806285 -516.000000 -534.000000 -529.000000
-2.302656 -2.855138 20.231562 0.161852 -0.323700 22.735065 -516.000000 -535.000000 -530.000000
-2.311465 -2.879138 20.149305 0.161852 -0.323700 22.650667 -515.000000 -534.000000 -530.000000
-2.312464 -2.886715 18.839716 0.162311 -0.324617 20.580736 -515.000000 -534.000000 -530.000000
-2.310675 -2.786963 13.678106 0.162311 -0.162310 13.036316 -515.000000 -534.000000 -529.000000
-2.308016 -2.746232 11.063318 0.161852 -0.161851 11.997772 -515.000000 -534.000000 -530.000000
-2.206978 -2.728521 21.498503 0.324619 -0.162308 30.477627 -516.000000 -534.000000 -530.000000
-2.166509 -2.718946 25.497314 0.323702 -0.161849 30.489189 -516.000000 -534.000000 -529.000000
-2.148523 -2.712673 26.204641 0.323702 -0.161849 29.164104 -516.000000 -534.000000 -530.000000
-2.136027 -2.707572 27.036623 0.323702 -0.161849 30.062971 -515.000000 -534.000000 -529.000000
-2.231706 -2.702832 16.941738 0.161852 -0.161851 13.228237 -516.000000 -534.000000 -529.000000
-2.265187 -2.698424 12.994895 0.162311 -0.162310 13.077022 -516.000000 -534.000000 -529.000000
-2.275108 -2.693773 11.081134 0.162311 -0.162310 12.420768 -516.000000 -534.000000 -530.000000
-2.272650 -2.789941 16.711279 0.162772 -0.325539 22.691584 -515.000000 -534.000000 -529.000000
-2.268970 -2.822968 18.252914 0.162311 -0.324617 21.707182 -515.000000 -534.000000 -530.000000
-2.264456 -2.731925 13.407988 0.162311 -0.162310 12.920799 -515.000000 -534.000000 -530.000000
-2.162115 -2.696851 22.277954 0.324619 -0.162308 30.234928 -516.000000 -535.000000 -529.000000
-2.116736 -2.677047 25.717278 0.324619 -0.162308 30.316933 -515.000000 -534.000000 -530.000000
-2.096056 -2.666012 27.506248 0.324619 -0.162308 31.074352 -515.000000 -534.000000 -529.000000
-2.088311 -2.657964 27.830086 0.323702 -0.161849 30.487764 -516.000000 -534.000000 -529.000000
-2.179005 -2.651261 16.826120 0.161852 -0.161851 12.502527 -515.000000 -534.000000 -529.000000
-2.210074 -2.644993 12.982914 0.161852 -0.161851 13.078525 -515.000000 -534.000000 -529.000000
-2.218291 -2.742001 16.354692 0.161852 -0.323700 20.896694 -515.000000 -535.000000 -530.000000
-2.214696 -2.775188 18.849064 0.161852 -0.323700 22.834635 -514.000000 -535.000000 -529.000000
-2.215554 -2.780910 19.237123 0.161852 -0.323700 21.920811 -516.000000 -534.000000 -530.000000
-2.211721 -2.779653 17.442406 0.162311 -0.324617 18.775608 -516.000000 -534.000000 -530.000000
-2.105836 -2.674613 23.686550 0.324619 -0.162308 29.958485 -516.000000 -534.000000 -529.000000
-2.061374 -2.630332 25.422892 0.324619 -0.162308 28.903734 -516.000000 -534.000000 -529.000000
-2.040305 -2.609192 26.634893 0.324619 -0.162308 29.783373 -516.000000 -534.000000 -529.000000
-2.028106 -2.596820 27.340061 0.324619 -0.162308 30.172598 -516.000000 -534.000000 -530.000000
-2.019228 -2.587729 27.701870 0.324619 -0.162308 30.314947 -516.000000 -534.000000 -530.000000
-2.109320 -2.579542 16.866100 0.161852 -0.161851 12.578547 -515.000000 -534.000000 -529.000000
-2.139112 -2.672694 17.609407 0.162311 -0.324617 20.461723 -515.000000 -534.000000 -530.000000
-2.143366 -2.703146 18.890472 0.161852 -0.323700 22.064785 -514.000000 -534.000000 -530.000000
-2.146554 -2.710150 19.231064 0.161852 -0.323700 21.812254 -516.000000 -534.000000 -529.000000
-2.039441 -2.708699 33.616554 0.324619 -0.324613 44.826130 -515.000000 -534.000000 -529.000000
-1.993943 -2.602885 29.594440 0.324619 -0.162308 29.454426 -515.000000 -534.000000 -530.000000
-1.971922 -2.557653 27.677673 0.324619 -0.162308 28.832531 -515.000000 -534.000000 -530.000000
-2.062618 -2.535220 16.426664 0.161852 -0.161851 11.839269 -516.000000 -534.000000 -530.000000
-2.089207 -2.522006 12.192692 0.162311 -0.162310 11.929424 -515.000000 -534.000000 -529.000000
-2.097561 -2.511971 10.041379 0.162311 -0.162310 11.064014 -516.000000 -534.000000 -530.000000
-2.096163 -2.603051 14.771293 0.161852 -0.323700 20.019707 -516.000000 -534.000000 -530.000000
-1.986884 -2.532785 23.102770 0.324619 -0.162308 30.541245 -515.000000 -534.000000 -529.000000
-1.943749 -2.500509 26.481674 0.323702 -0.161849 30.854969 -516.000000 -534.000000 -530.000000
-1.919803 -2.482696 27.168955 0.322790 -0.161394 29.872488 -515.000000 -534.000000 -530.000000
-1.905025 -2.470921 28.030712 0.323702 -0.161849 30.831522 -515.000000 -534.000000 -530.000000
-1.894267 -2.461120 28.141994 0.323702 -0.161849 30.466463 -515.000000 -534.000000 -529.000000
-1.988262 -2.455033 16.626013 0.161852 -0.161851 11.803665 -516.000000 -535.000000 -530.000000
-2.015943 -2.444292 12.170203 0.161852 -0.161851 11.698298 -515.000000 -534.000000 -529.000000
-2.023988 -2.535576 16.886559 0.162311 -0.324617 22.055140 -516.000000 -534.000000 -530.000000
-2.021755 -2.467411 11.656835 0.162311 -0.162310 10.691658 -516.000000 -535.000000 -529.000000
-1.915001 -2.435827 22.139978 0.324619 -0.162308 30.828453 -516.000000 -535.000000 -529.000000
-1.869402 -2.414885 25.436304 0.323702 -0.161849 29.681519 -516.000000 -534.000000 -530.000000
-1.846556 -2.401270 27.658302 0.323702 -0.161849 31.221804 -516.000000 -534.000000 -529.000000
-1.829358 -2.390413 27.503494 0.323702 -0.161849 29.597912 -515.000000 -534.000000 -530.000000
-1.920583 -2.383577 17.500704 0.161852 -0.161851 13.540258 -516.000000 -535.000000 -530.000000
-1.946884 -2.472500 18.586218 0.161852 -0.323700 21.449533 -515.000000 -534.000000 -530.000000
-1.951367 -2.400411 12.167061 0.161852 -0.161851 10.406581 -515.000000 -534.000000 -529.000000
-1.950487 -2.467359 14.938406 0.161852 -0.323700 18.826754 -516.000000 -534.000000 -529.000000
-1.941502 -2.487093 15.693149 0.161852 -0.323700 18.326986 -515.000000 -534.000000 -529.000000
-1.935128 -2.489327 17.441378 0.162311 -0.324617 20.678328 -516.000000 -534.000000 -530.000000
-1.926987 -2.386699 12.259971 0.162311 -0.162310 11.225186 -516.000000 -535.000000 -529.000000
-1.814553 -2.338544 21.514200 0.324619 -0.162308 29.342403 -515.000000 -534.000000 -529.000000
-1.769428 -2.313903 25.041039 0.323702 -0.161849 29.319792 -516.000000 -534.000000 -529.000000
-1.743397 -2.298500 26.163742 0.323702 -0.161849 28.952896 -515.000000 -534.000000 -530.000000
-1.730654 -2.286597 26.906918 0.323702 -0.161849 29.445644 -516.000000 -534.000000 -529.000000
-1.719376 -2.279294 27.183542 0.324619 -0.162308 29.429201 -516.000000 -535.000000 -530.000000
-1.806795 -2.264415 16.342825 0.162311 -0.162310 11.758220 -515.000000 -533.000000 -530.000000
-1.834312 -2.356256 17.845997 0.162311 -0.324617 20.854626 -515.000000 -534.000000 -530.000000
-1.841928 -2.388224 18.568502 0.162311 -0.324617 21.079237 -516.000000 -535.000000 -529.000000
-1.839189 -2.390710 19.412113 0.161852 -0.323700 21.985159 -516.000000 -534.000000 -529.000000
-1.728862 -2.388500 34.697102 0.323702 -0.323696 46.114422 -515.000000 -535.000000 -529.000000
-1.680762 -2.281139 30.597807 0.323702 -0.161849 30.072559 -515.000000 -535.000000 -529.000000
-1.759745 -2.230916 18.475552 0.161852 -0.161851 13.037994 -516.000000 -534.000000 -530.000000
-1.783908 -2.208521 13.759637 0.161852 -0.161851 12.885303 -516.000000 -535.000000 -529.000000
-1.784112 -2.190718 11.485266 0.161852 -0.161851 12.117089 -515.000000 -534.000000 -530.000000
-1.781169 -2.180675 10.697040 0.161852 -0.161851 12.232010 -516.000000 -535.000000 -529.000000
-1.670653 -2.167560 21.055374 0.323702 -0.161849 29.416084 -515.000000 -534.000000 -529.000000
-1.622390 -2.153275 25.695213 0.323702 -0.161849 30.512869 -515.000000 -533.000000 -530.000000
-1.597893 -2.144550 27.433079 0.323702 -0.161849 30.442453 -515.000000 -534.000000 -529.000000
-1.683090 -2.134639 16.505608 0.161396 -0.161395 11.736347 -515.000000 -534.000000 -529.000000
-1.611924 -2.228173 32.193439 0.323702 -0.323696 43.761669 -516.000000 -535.000000 -529.000000
-1.678982 -2.257570 23.642134 0.161852 -0.323700 20.299376 -516.000000 -535.000000 -530.000000
-1.698480 -2.159103 15.836899 0.161852 -0.161851 12.964042 -516.000000 -534.000000 -529.000000
-1.699804 -2.115157 12.694749 0.161852 -0.161851 12.694621 -516.000000 -534.000000 -529.000000
-1.691178 -2.192385 17.494806 0.161852 -0.323700 22.366299 -515.000000 -534.000000 -530.000000
-1.684764 -2.218538 18.527227 0.161852 -0.323700 21.064112 -516.000000 -535.000000 -530.000000
-1.676172 -2.219157 20.100353 0.161852 -0.323700 22.950054 -516.000000 -534.000000 -529.000000
-1.565815 -2.112959 25.794870 0.324619 -0.162308 31.154232 -516.000000 -534.000000 -529.000000
-1.515081 -2.065750 27.790674 0.323702 -0.161849 30.854895 -515.000000 -534.000000 -529.000000
-1.489000 -2.041640 28.403381 0.324619 -0.162308 30.603535 -515.000000 -534.000000 -529.000000
-1.472903 -2.029068 28.640640 0.324619 -0.162308 30.603535 -515.000000 -535.000000 -530.000000
-1.460619 -2.017886 27.899181 0.324619 -0.162308 29.251703 -515.000000 -535.000000 -530.000000
-1.550446 -2.004234 17.447382 0.162311 -0.162310 12.844642 -515.000000 -534.000000 -530.000000
-1.581623 -2.096314 18.614759 0.162311 -0.324617 21.159184 -516.000000 -535.000000 -531.000000
-1.584664 -2.121538 19.014080 0.161852 -0.323700 21.064112 -515.000000 -534.000000 -529.000000
-1.582976 -2.124246 18.876459 0.161396 -0.322788 20.590899 -516.000000 -534.000000 -530.000000
-1.572901 -2.019111 14.359570 0.161852 -0.161851 13.382421 -515.000000 -534.000000 -530.000000
-1.465547 -1.972597 23.351522 0.323702 -0.161849 30.647469 -516.000000 -534.000000 -529.000000
-1.418402 -1.948482 26.571144 0.323702 -0.161849 30.295416 -516.000000 -534.000000 -530.000000
-1.390692 -1.933213 27.538555 0.324619 -0.162308 29.857449 -515.000000 -534.000000 -529.000000
-1.376999 -1.921043 28.145409 0.324619 -0.162308 30.234928 -516.000000 -534.000000 -530.000000
-1.466320 -1.910067 17.383074 0.162311 -0.162310 12.499615 -516.000000 -534.000000 -530.000000
-1.491324 -2.000224 18.412069 0.162311 -0.324617 20.776134 -515.000000 -534.000000 -530.000000
-1.497785 -2.028345 19.798847 0.162311 -0.324617 22.363205 -516.000000 -534.000000 -529.000000
-1.494154 -2.032779 20.506845 0.162311 -0.324617 22.645357 -516.000000 -534.000000 -530.000000
-1.483676 -2.028173 20.612986 0.162311 -0.324617 22.370380 -515.000000 -534.000000 -530.000000
-1.476611 -2.020125 19.777765 0.162311 -0.324617 20.943624 -516.000000 -534.000000 -529.000000
-1.464841 -2.010771 19.236870 0.162311 -0.324617 20.580736 -515.000000 -534.000000 -530.000000
-1.356619 -1.900246 24.801836 0.324619 -0.162308 29.869968 -516.000000 -534.000000 -529.000000
-1.309802 -1.851489 27.363781 0.323702 -0.161849 30.568180 -516.000000 -534.000000 -530.000000
-1.383001 -1.826908 17.947737 0.162311 -0.162310 13.802011 -515.000000 -534.000000 -530.000000
-1.304267 -1.811287 24.857773 0.324619 -0.162308 30.728664 -515.000000 -534.000000 -530.000000
-1.271199 -1.799104 27.996542 0.324619 -0.162308 31.523668 -516.000000 -534.000000 -530.000000
-1.353545 -1.888371 22.887449 0.161852 -0.323700 21.345734 -516.000000 -534.000000 -530.000000
-1.379014 -1.916279 20.785015 0.161852 -0.323700 21.087786 -516.000000 -534.000000 -529.000000
-1.382771 -1.923762 19.612593 0.161852 -0.323700 20.482559 -516.000000 -535.000000 -529.000000
-1.378250 -1.917443 19.654507 0.161852 -0.323700 21.266920 -516.000000 -534.000000 -530.000000
-1.367582 -1.908884 19.320772 0.161852 -0.323700 20.693304 -515.000000 -534.000000 -530.000000
-1.256617 -1.799356 24.738909 0.324619 -0.162308 29.621986 -515.000000 -534.000000 -530.000000
-1.208910 -1.751124 26.939653 0.323702 -0.161849 29.818855 -515.000000 -534.000000 -529.000000
-1.184246 -1.726893 27.638762 0.324619 -0.162308 29.585999 -515.000000 -534.000000 -530.000000
-1.171968 -1.711562 28.034599 0.324619 -0.162308 29.779173 -516.000000 -534.000000 -529.000000
-1.261839 -1.699936 16.962332 0.162772 -0.162771 11.685234 -516.000000 -534.000000 -530.000000
-1.287327 -1.689457 12.836865 0.162772 -0.162771 11.837956 -515.000000 -534.000000 -529.000000
-1.291545 -1.776856 15.350801 0.162311 -0.324617 18.424372 -515.000000 -533.000000 -530.000000
-1.290368 -1.807255 17.166328 0.162311 -0.324617 19.788191 -516.000000 -534.000000 -529.000000
-1.281418 -1.812314 19.349148 0.161852 -0.323700 22.178823 -515.000000 -534.000000 -529.000000
-1.275249 -1.808282 19.328051 0.161852 -0.323700 20.791512 -516.000000 -534.000000 -529.000000
-1.264147 -1.703370 12.848364 0.161852 -0.161851 10.352222 -515.000000 -535.000000 -529.000000
-1.254198 -1.657355 10.891181 0.161852 -0.161851 11.181976 -515.000000 -535.000000 -530.000000
-1.247422 -1.631146 10.097008 0.162311 -0.162310 11.092345 -516.000000 -534.000000 -529.000000
-1.236148 -1.615256 10.240643 0.162311 -0.162310 11.803007 -515.000000 -534.000000 -529.000000
-1.229193 -1.603330 10.659245 0.162311 -0.162310 12.384375 -516.000000 -534.000000 -530.000000
-1.220890 -1.592939 10.132153 0.162311 -0.162310 11.262832 -516.000000 -534.000000 -529.000000
-1.209381 -1.680310 15.317634 0.161852 -0.323700 19.934092 -515.000000 -533.000000 -529.000000
-1.199402 -1.710908 17.474154 0.161852 -0.323700 20.212854 -515.000000 -534.000000 -530.000000
-1.190029 -1.716825 20.648621 0.161852 -0.323700 23.986813 -515.000000 -534.000000 -529.000000
-1.180625 -1.713907 20.221567 0.162311 -0.324617 21.335503 -515.000000 -534.000000 -529.000000
-1.171517 -1.704071 20.649046 0.162311 -0.324617 22.282888 -515.000000 -533.000000 -530.000000
-1.165541 -1.596906 15.078124 0.162311 -0.162310 13.033612 -516.000000 -534.000000 -530.000000
-1.154770 -1.550297 12.912581 0.162311 -0.162310 12.958917 -515.000000 -534.000000 -529.000000
-1.145208 -1.526843 12.258256 0.162311 -0.162310 13.228197 -515.000000 -534.000000 -529.000000
-1.136131 -1.512257 12.360973 0.162311 -0.162310 13.787225 -515.000000 -534.000000 -529.000000
-1.130544 -1.503797 11.347924 0.161852 -0.161851 12.082461 -516.000000 -535.000000 -529.000000
-1.123012 -1.491970 11.394462 0.161852 -0.161851 12.771792 -516.000000 -534.000000 -529.000000
-1.011318 -1.481898 22.181028 0.323702 -0.161849 30.114510 -515.000000 -534.000000 -529.000000
-0.963893 -1.572403 35.276211 0.322790 -0.322785 44.571972 -515.000000 -534.000000 -530.000000
-0.942906 -1.602034 40.267124 0.323702 -0.323696 44.545780 -516.000000 -534.000000 -530.000000
-1.027043 -1.610872 27.623682 0.161852 -0.323700 21.089170 -515.000000 -535.000000 -529.000000
-1.057206 -1.505044 17.399235 0.161396 -0.161395 12.387924 -516.000000 -534.000000 -529.000000
-1.062908 -1.560495 18.676003 0.162311 -0.324617 20.728867 -516.000000 -534.000000 -529.000000
-1.056862 -1.475538 13.556023 0.162311 -0.162310 11.685020 -515.000000 -534.000000 -529.000000
-1.052652 -1.437427 11.827207 0.161852 -0.161851 12.046569 -516.000000 -534.000000 -530.000000
-1.045867 -1.417520 11.673214 0.161852 -0.161851 12.848751 -516.000000 -534.000000 -529.000000
-1.034842 -1.404879 10.774039 0.162311 -0.162310 11.490861 -515.000000 -534.000000 -530.000000
-0.927783 -1.394753 21.670155 0.324619 -0.162308 29.585999 -516.000000 -534.000000 -529.000000
-0.982815 -1.385332 13.692047 0.161852 -0.161851 10.023006 -516.000000 -534.000000 -530.000000
-0.998476 -1.376774 11.900317 0.162311 -0.162310 12.032598 -516.000000 -534.000000 -529.000000
-0.996413 -1.469031 16.563234 0.162311 -0.324617 20.639153 -515.000000 -534.000000 -529.000000
-0.993618 -1.398335 12.571585 0.162311 -0.162310 11.330263 -516.000000 -534.000000 -529.000000
-0.984840 -1.365883 11.277188 0.161852 -0.161851 11.692799 -515.000000 -534.000000 -529.000000
-0.976251 -1.348635 10.641433 0.162311 -0.162310 11.456621 -515.000000 -534.000000 -529.000000
-0.968330 -1.336653 11.148746 0.161852 -0.161851 12.656718 -515.000000 -534.000000 -529.000000
-0.963117 -1.327278 11.341556 0.162311 -0.162310 12.651600 -516.000000 -534.000000 -530.000000
-0.953235 -1.419388 17.253304 0.162311 -0.324617 22.043831 -515.000000 -534.000000 -529.000000
-0.947609 -1.348793 14.160310 0.162311 -0.162310 13.419774 -516.000000 -534.000000 -530.000000
-0.940619 -1.316826 12.748949 0.162311 -0.162310 13.036316 -516.000000 -534.000000 -529.000000
-0.829956 -1.299355 22.083841 0.323702 -0.161849 28.940044 -515.000000 -534.000000 -530.000000
-0.886382 -1.287736 15.573380 0.161852 -0.161851 12.694818 -516.000000 -534.000000 -529.000000
-0.900176 -1.278378 13.063702 0.161852 -0.161851 12.654777 -515.000000 -534.000000 -530.000000
-0.904009 -1.269628 11.712220 0.161396 -0.161395 12.008996 -516.000000 -534.000000 -529.000000
-0.900480 -1.261704 11.082318 0.161852 -0.161851 11.817842 -516.000000 -534.000000 -529.000000
-0.891451 -1.256835 11.649935 0.161852 -0.161851 13.116675 -515.000000 -535.000000 -530.000000
-0.886078 -1.250428 11.226522 0.162311 -0.162310 12.072521 -516.000000 -535.000000 -529.000000
-0.876398 -1.240180 11.569832 0.162311 -0.162310 12.883031 -515.000000 -534.000000 -530.000000
-0.867832 -1.231797 11.970045 0.162772 -0.162771 13.303793 -515.000000 -534.000000 -529.000000
-0.860289 -1.223580 11.293970 0.162311 -0.162310 11.960656 -515.000000 -534.000000 -529.000000
-0.852877 -1.218736 11.207997 0.162311 -0.162310 12.230396 -515.000000 -535.000000 -529.000000
-0.848537 -1.209195 10.631885 0.162311 -0.162310 11.347523 -516.000000 -534.000000 -529.000000
-0.842665 -1.301093 15.564468 0.161852 -0.323700 19.640104 -516.000000 -534.000000 -529.000000
-0.835949 -1.231101 12.973106 0.161852 -0.161851 12.423260 -516.000000 -534.000000 -529.000000
-0.828937 -1.199775 11.776404 0.161852 -0.161851 12.082461 -516.000000 -534.000000 -529.000000
-0.821554 -1.183529 11.249660 0.162311 -0.162310 11.962752 -516.000000 -534.000000 -529.000000
-0.811629 -1.175498 11.697786 0.161852 -0.161851 13.001215 -515.000000 -535.000000 -529.000000
-0.702448 -1.168183 23.017679 0.324619 -0.162308 30.952490 -515.000000 -535.000000 -529.000000
-0.656996 -1.160600 26.592625 0.323702 -0.161849 29.743986 -515.000000 -535.000000 -530.000000
-0.738817 -1.153228 17.522160 0.161852 -0.161851 12.926679 -516.000000 -535.000000 -530.000000
-0.662309 -1.142966 25.132500 0.323702 -0.161849 30.754278 -515.000000 -534.000000 -529.000000
-0.628847 -1.137642 27.465137 0.323702 -0.161849 29.827265 -515.000000 -535.000000 -530.000000
-0.715328 -1.128218 17.346081 0.161852 -0.161851 12.080854 -516.000000 -534.000000 -529.000000
-0.743866 -1.224316 20.261663 0.162311 -0.324617 23.000914 -516.000000 -535.000000 -530.000000
-0.747872 -1.152635 14.862436 0.161852 -0.161851 12.503263 -515.000000 -534.000000 -530.000000
-0.747976 -1.121247 12.632630 0.162311 -0.162310 12.226450 -516.000000 -534.000000 -530.000000
-0.740888 -1.104992 11.174596 0.162311 -0.162310 11.237925 -515.000000 -534.000000 -529.000000
-0.737091 -1.094545 10.588048 0.162311 -0.162310 11.183169 -516.000000 -534.000000 -529.000000
-0.728564 -1.086342 10.371092 0.162311 -0.162310 11.187575 -515.000000 -534.000000 -529.000000
-0.620507 -1.079022 21.801466 0.324619 -0.162308 29.725340 -515.000000 -534.000000 -529.000000
-0.575227 -1.072068 26.805943 0.324619 -0.162308 30.747187 -515.000000 -534.000000 -529.000000
-0.657715 -1.166048 23.206768 0.162311 -0.324617 21.869484 -516.000000 -534.000000 -530.000000
-0.682250 -1.094074 16.713516 0.162311 -0.162310 13.613811 -515.000000 -533.000000 -529.000000
-0.687690 -1.065519 14.233258 0.162311 -0.162310 13.607121 -515.000000 -534.000000 -529.000000
-0.686147 -1.150758 17.912851 0.161852 -0.323700 21.053114 -515.000000 -534.000000 -529.000000
-0.581192 -1.078802 24.990263 0.323702 -0.161849 30.182354 -515.000000 -534.000000 -529.000000
-0.534255 -1.047315 27.795277 0.323702 -0.161849 30.339952 -514.000000 -534.000000 -529.000000
-0.515516 -1.031313 28.777214 0.323702 -0.161849 30.194599 -515.000000 -534.000000 -530.000000
-0.504556 -1.021251 29.010651 0.323702 -0.161849 29.955637 -515.000000 -534.000000 -529.000000
-0.496592 -1.016480 29.267668 0.323702 -0.161849 30.220055 -515.000000 -535.000000 -529.000000
-0.593279 -1.108230 24.539610 0.161852 -0.323700 22.445612 -516.000000 -534.000000 -530.000000
-0.626458 -1.139402 21.477028 0.161852 -0.323700 20.410759 -516.000000 -534.000000 -529.000000
-0.632124 -1.148029 19.475117 0.162311 -0.324617 19.064453 -515.000000 -534.000000 -529.000000
-0.630890 -1.149926 18.937950 0.161852 -0.323700 19.429585 -515.000000 -535.000000 -530.000000
-0.626478 -1.144405 18.914818 0.162311 -0.324617 19.716681 -515.000000 -534.000000 -530.000000
-0.621159 -1.040744 13.602276 0.162311 -0.162310 11.168342 -515.000000 -535.000000 -530.000000
-0.618514 -0.994387 11.997530 0.162311 -0.162310 11.840941 -516.000000 -534.000000 -529.000000
-0.512550 -0.973245 23.071938 0.325541 -0.162769 30.658529 -516.000000 -534.000000 -529.000000
-0.465500 -0.961476 27.161026 0.325541 -0.162769 30.430576 -515.000000 -534.000000 -530.000000
-0.548338 -0.953026 17.930195 0.162311 -0.162310 13.037388 -516.000000 -534.000000 -529.000000
-0.573451 -0.946154 14.261023 0.162311 -0.162310 12.805508 -515.000000 -534.000000 -530.000000
-0.579555 -0.939909 12.958501 0.162311 -0.162310 12.958917 -515.000000 -534.000000 -530.000000
-0.578707 -0.933644 11.725465 0.161852 -0.161851 11.768304 -515.000000 -534.000000 -530.000000
-0.577937 -0.927680 12.025372 0.161852 -0.161851 12.999045 -516.000000 -534.000000 -529.000000
-0.571208 -0.921856 12.378908 0.161852 -0.161851 13.378030 -515.000000 -534.000000 -529.000000
-0.464752 -0.916108 22.634443 0.323702 -0.161849 29.676718 -515.000000 -534.000000 -530.000000
-0.421287 -0.910132 26.762577 0.322790 -0.161394 30.010853 -515.000000 -534.000000 -530.000000
-0.401340 -0.904375 28.194502 0.322790 -0.161394 29.772203 -515.000000 -534.000000 -530.000000
-0.395823 -0.899009 29.099751 0.323702 -0.161849 30.344034 -517.000000 -534.000000 -530.000000
-0.487872 -0.893535 18.061552 0.161852 -0.161851 11.999637 -516.000000 -534.000000 -529.000000
-0.516736 -0.988535 20.404142 0.161852 -0.323700 22.557354 -515.000000 -534.000000 -529.000000
-0.527501 -0.920947 14.341429 0.161852 -0.161851 11.346689 -516.000000 -534.000000 -529.000000
-0.525363 -0.891775 12.434550 0.161852 -0.161851 11.999637 -515.000000 -534.000000 -529.000000
-0.521336 -0.874305 12.281716 0.161852 -0.161851 12.925796 -515.000000 -533.000000 -530.000000
-0.516610 -0.867341 12.554533 0.161852 -0.161851 13.448800 -515.000000 -534.000000 -529.000000
-0.514349 -0.861679 12.000691 0.162311 -0.162310 12.383521 -516.000000 -534.000000 -529.000000
-0.510320 -0.856254 11.502808 0.162311 -0.162310 11.916908 -516.000000 -534.000000 -529.000000
-0.401862 -0.850941 22.856140 0.324619 -0.162308 30.502384 -515.000000 -534.000000 -529.000000
-0.357337 -0.845695 27.335960 0.324619 -0.162308 30.728092 -515.000000 -534.000000 -529.000000
-0.438038 -0.941278 22.971397 0.162311 -0.324617 20.938374 -515.000000 -534.000000 -529.000000
-0.465808 -0.974613 21.539923 0.162311 -0.324617 21.317745 -515.000000 -534.000000 -530.000000
-0.476376 -0.886407 15.904038 0.162311 -0.162310 13.111962 -516.000000 -535.000000 -529.000000
-0.477663 -0.846285 13.877564 0.161852 -0.161851 13.310143 -516.000000 -534.000000 -529.000000
-0.471861 -0.828140 12.840938 0.162311 -0.162310 12.882103 -515.000000 -534.000000 -529.000000
-0.469955 -0.820836 11.807574 0.161852 -0.161851 11.855243 -516.000000 -535.000000 -530.000000
-0.462976 -0.812253 12.533804 0.162311 -0.162310 13.655300 -515.000000 -534.000000 -530.000000
-0.356600 -0.805934 22.992270 0.324619 -0.162308 30.041693 -515.000000 -534.000000 -529.000000
-0.413848 -0.800505 16.001143 0.162311 -0.162310 12.344593 -515.000000 -534.000000 -529.000000
-0.435824 -0.795436 13.381587 0.162311 -0.162310 12.421515 -516.000000 -534.000000 -529.000000
-0.441331 -0.894303 17.092937 0.162311 -0.324617 20.009760 -516.000000 -535.000000 -530.000000
-0.437858 -0.828021 13.471957 0.161852 -0.161851 11.890515 -515.000000 -535.000000 -530.000000
-0.433708 -0.796754 12.353530 0.161852 -0.161851 12.311816 -515.000000 -534.000000 -530.000000
-0.432597 -0.881834 16.604212 0.161396 -0.322788 19.840393 -516.000000 -534.000000 -530.000000
-0.429084 -0.811507 14.148297 0.161852 -0.161851 13.260984 -516.000000 -534.000000 -529.000000
-0.424956 -0.781776 12.791203 0.161852 -0.161851 12.581419 -516.000000 -534.000000 -529.000000
-0.320114 -0.767570 23.311193 0.323702 -0.161849 30.358089 -516.000000 -534.000000 -530.000000
-0.377825 -0.762313 16.076071 0.161852 -0.161851 12.230838 -516.000000 -535.000000 -530.000000
-0.393864 -0.754766 13.934629 0.162311 -0.162310 13.223269 -515.000000 -534.000000 -529.000000
-0.400017 -0.749384 13.331352 0.162772 -0.162771 13.564364 -516.000000 -534.000000 -529.000000
-0.399967 -0.744276 12.632813 0.162311 -0.162310 12.805895 -516.000000 -534.000000 -529.000000
-0.397281 -0.739580 11.794698 0.162311 -0.162310 11.881257 -516.000000 -534.000000 -529.000000
-0.393607 -0.735061 11.955856 0.162311 -0.162310 12.651733 -516.000000 -534.000000 -529.000000
-0.389861 -0.830846 17.313808 0.161852 -0.323700 21.176588 -516.000000 -534.000000 -529.000000
-0.382542 -0.865313 19.694206 0.162311 -0.324617 21.709900 -515.000000 -534.000000 -529.000000
-0.075970 -0.674236 31.967163 0.647382 -0.000000 40.005985 -515.000000 -534.000000 -529.000000
2.746370 -0.098035 5.054872 5.004660 0.806124 -10.829044 -516.000000 -534.000000 -541.000000
0.920191 -2.183393 -97.534088 0.323702 -2.910791 -159.465897 -516.000000 -534.000000 -546.000000
-0.977970 -1.666265 -101.536942 -1.609009 -0.804346 -102.817032 -517.000000 -533.000000 -546.000000
-2.695421 -1.364684 34.369492 -3.206496 -0.640938 118.480843 -518.000000 -533.000000 -542.000000
-4.316586 -2.027106 115.581879 -4.750506 -1.897332 165.648956 -521.000000 -533.000000 -539.000000
-4.753886 -2.081466 135.636337 -4.447385 -1.586352 147.960052 -524.000000 -532.000000 -533.000000
-3.938027 -1.308514 27.208176 -2.854489 -0.317031 -39.016605 -527.000000 -531.000000 -527.000000
-1.762858 -1.108567 33.946644 0.156545 -0.469625 38.521828 -530.000000 -532.000000 -526.000000
-1.516808 -1.505748 -72.249893 -0.784825 -1.255479 -136.639313 -531.000000 -528.000000 -527.000000
-1.506409 -0.863508 -60.487370 -0.904595 -0.000000 -52.386692 -535.000000 -524.000000 -526.000000
-3.884369 -0.231770 -9.653111 -4.725706 0.609054 22.224501 -539.000000 -522.000000 -524.000000
-5.737498 0.670927 -10.275411 -6.223091 1.665859 -10.070094 -545.000000 -521.000000 -520.000000
-6.346825 1.492094 -43.976978 -6.040565 2.410330 -63.988255 -551.000000 -517.000000 -515.000000
-5.801347 1.362100 -41.385185 -4.763642 1.687889 -39.114136 -557.000000 -516.000000 -510.000000
-4.852360 1.135840 -17.421732 -3.557053 1.390723 -2.137877 -561.000000 -514.000000 -507.000000
-3.640221 0.460351 -21.107807 -2.184611 0.468007 -22.822830 -563.000000 -520.000000 -506.000000
1.967380 -5.329701 -115.595848 6.017503 -8.381197 -172.667480 -547.000000 -533.000000 -517.000000
7.379035 -8.166160 33.177010 11.138559 -9.381752 125.143806 -518.000000 -535.000000 -542.000000
3.540637 -8.302307 103.444084 1.548158 -7.831433 146.834000 -502.000000 -541.000000 -552.000000
-0.624057 -6.667717 44.880451 -2.834111 -5.085919 9.297869 -495.000000 -548.000000 -551.000000
-1.508349 -4.801171 94.586586 -1.684684 -3.085158 125.342476 -498.000000 -549.000000 -547.000000
-1.440306 -3.773441 135.766357 -1.005086 -2.582624 161.057083 -504.000000 -549.000000 -542.000000
-1.061280 -2.872024 -50.942879 -0.439601 -1.757835 -164.950516 -504.000000 -551.000000 -540.000000
0.002173 -2.538893 82.271027 1.041627 -1.784970 164.413834 -505.000000 -550.000000 -541.000000
0.217058 -2.403387 136.167923 0.740214 -1.775896 169.275711 -507.000000 -550.000000 -543.000000
-0.343638 -2.607491 -57.812836 -0.293070 -2.196942 -176.252991 -508.000000 -549.000000 -543.000000
-0.646450 -3.382740 65.558334 -0.434051 -3.323956 141.717819 -509.000000 -549.000000 -541.000000
-0.138444 -4.046443 -20.749756 0.581663 -3.920030 -73.159996 -512.000000 -549.000000 -540.000000
0.607159 -4.604763 -39.789478 1.476369 -4.419827 -50.747952 -514.000000 -548.000000 -538.000000
2.191978 -5.206857 -8.968903 3.576334 -5.050066 10.579523 -516.000000 -548.000000 -536.000000
3.066569 -5.734812 -6.292304 4.011578 -5.476121 -4.072257 -517.000000 -560.000000 -536.000000
3.395359 -6.061946 -11.558667 3.980660 -5.726078 -14.203679 -513.000000 -551.000000 -536.000000
3.532555 -6.202535 -14.726116 4.001219 -5.755405 -16.069651 -514.000000 -551.000000 -536.000000
3.289721 -6.201322 -7.637561 3.503532 -5.671099 -2.706269 -510.000000 -551.000000 -537.000000
2.934450 -5.925189 -1.054348 3.058697 -5.226447 3.540060 -506.000000 -552.000000 -539.000000
2.466976 -4.748223 -72.388596 2.483210 -3.500250 -115.356468 -498.000000 -553.000000 -545.000000
2.068499 -4.570769 -76.180878 2.126718 -3.942477 -77.579094 -498.000000 -553.000000 -548.000000
0.669812 -3.396207 -139.044830 0.155695 -2.178672 -176.490341 -506.000000 -550.000000 -547.000000
-1.246655 -3.133728 47.809486 -2.034241 -2.501564 163.044708 -514.000000 -546.000000 -543.000000
-2.491927 -3.702060 89.961342 -2.815557 -3.591497 115.936295 -524.000000 -544.000000 -532.000000
-1.923242 -4.401265 65.635727 -1.098688 -4.385898 50.788555 -532.000000 -541.000000 -522.000000
-0.637734 -4.935594 10.701036 0.622756 -4.814895 -22.741680 -533.000000 -542.000000 -516.000000
1.892767 -6.773710 -78.513603 3.893708 -7.440035 -132.624191 -531.000000 -544.000000 -515.000000
2.933800 -7.600310 -118.119576 3.990913 -7.634483 -141.529251 -527.000000 -546.000000 -516.000000
3.250913 -7.743222 -124.484940 3.843553 -7.345397 -127.416306 -524.000000 -549.000000 -518.000000
3.075110 -6.917835 -49.692905 3.357504 -5.927298 -3.069658 -523.000000 -550.000000 -518.000000
2.757252 -6.190106 -16.921515 2.955582 -5.271664 3.699539 -524.000000 -549.000000 -519.000000
2.181493 -5.290403 -40.881336 2.220884 -4.274115 -55.044003 -524.000000 -549.000000 -519.000000
1.287783 -4.398137 -86.924431 1.132820 -3.394262 -114.455132 -524.000000 -549.000000 -519.000000
-0.062764 -3.791261 67.024529 -0.495340 -2.969343 161.774704 -524.000000 -549.000000 -521.000000
-1.504411 -1.808032 -10.622519 -2.003700 -0.166940 -57.933292 -521.000000 -546.000000 -525.000000
-2.454319 -1.360488 -60.504448 -2.678551 -0.669363 -90.488678 -515.000000 -546.000000 -528.000000
-4.759742 -2.417105 -125.123634 -5.809521 -2.649343 -163.889008 -515.000000 -546.000000 -524.000000
-5.049502 -3.561087 -102.862320 -4.860965 -3.844843 -88.317665 -515.000000 -546.000000 -521.000000
-4.738986 -4.285476 -74.075821 -4.156630 -4.310951 -55.685696 -521.000000 -546.000000 -516.000000
-4.448011 -4.776617 -44.839283 -3.867632 -4.659541 -26.331579 -524.000000 -546.000000 -513.000000
-4.089900 -5.776048 -6.260161 -3.468229 -5.965272 17.796158 -525.000000 -547.000000 -511.000000
-3.442889 -6.617020 -35.629028 -2.659368 -6.693603 -53.237915 -523.000000 -550.000000 -509.000000
-1.821506 -6.590363 -31.264820 -0.473508 -6.132015 -28.130396 -518.000000 -551.000000 -513.000000
-0.984887 -6.535681 -20.905437 -0.160044 -6.058964 -14.117184 -511.000000 -552.000000 -517.000000
-0.748644 -6.276246 -14.699215 -0.325541 -5.678268 -10.483864 -505.000000 -552.000000 -520.000000
-1.485949 -4.393027 85.637497 -1.665106 -2.827983 147.282379 -504.000000 -548.000000 -523.000000
-1.662895 -5.205805 35.651497 -1.498676 -5.312738 5.109830 -504.000000 -545.000000 -530.000000
-2.458203 -5.198403 27.342985 -2.663001 -4.813594 22.469303 -506.000000 -543.000000 -529.000000
-3.003784 -4.699439 38.924660 -3.030477 -4.032083 46.237377 -511.000000 -540.000000 -531.000000
-3.846548 -4.401537 -39.523960 -4.049582 -3.871715 -87.208282 -512.000000 -538.000000 -532.000000
-4.291651 -4.828857 -35.579567 -4.255238 -4.750570 -32.604687 -511.000000 -537.000000 -533.000000
-4.568450 -4.986778 -35.828976 -4.424785 -4.749508 -35.431835 -512.000000 -536.000000 -534.000000
-5.591897 -4.884255 -33.536751 -5.900199 -4.494704 -31.606016 -513.000000 -535.000000 -531.000000
-5.890986 -5.709102 -6.895495 -5.745182 -5.888543 9.856127 -515.000000 -535.000000 -526.000000
-6.411633 -6.522554 -24.843195 -6.397354 -6.698469 -35.458073 -516.000000 -534.000000 -521.000000
-6.213760 -6.958038 39.673546 -5.761089 -6.901916 79.439423 -516.000000 -534.000000 -515.000000
-5.303735 -6.521784 33.829037 -4.424785 -5.929265 30.330671 -515.000000 -535.000000 -512.000000
-4.544065 -6.477624 32.660141 -3.768530 -6.138643 32.032795 -514.000000 -533.000000 -510.000000
-4.180993 -6.114367 19.253084 -3.648704 -5.617031 11.166648 -515.000000 -526.000000 -511.000000
-3.989891 -5.490413 2.267271 -3.576334 -4.861950 -7.930704 -513.000000 -521.000000 -513.000000
-4.224532 -5.029904 -23.746975 -4.074016 -4.549469 -39.365913 -513.000000 -512.000000 -515.000000
-4.198132 -4.822772 -30.469097 -3.889478 -4.524810 -34.159130 -513.000000 -507.000000 -522.000000
-4.840254 -4.164651 -75.403854 -4.913061 -3.593778 -102.385712 -519.000000 -507.000000 -522.000000
-5.649656 -3.639874 -118.176689 -5.809521 -3.145176 -143.629272 -522.000000 -509.000000 -522.000000
-6.017784 -3.171514 -147.150726 -5.911924 -2.695810 -163.974472 -521.000000 -513.000000 -524.000000
-6.617294 -2.085330 -145.315781 -6.648645 -1.221818 -143.187210 -522.000000 -516.000000 -528.000000
-7.474885 -1.141389 -100.688934 -7.663495 -0.347299 -72.447418 -522.000000 -521.000000 -531.000000
-8.761977 -0.987761 -107.474937 -9.206412 -0.691804 -110.824593 -523.000000 -519.000000 -532.000000
-10.090376 -1.008708 22.105768 -10.546919 -0.845701 102.003853 -525.000000 -514.000000 -532.000000
-11.304883 -1.331293 97.471802 -11.712472 -1.368101 143.652313 -520.000000 -511.000000 -530.000000
-11.181749 -1.433187 117.746521 -10.784298 -1.339847 129.932098 -517.000000 -510.000000 -527.000000
-10.453306 -1.488220 141.307434 -9.684721 -1.352544 155.393967 -518.000000 -513.000000 -525.000000
-9.915476 -1.655847 164.188644 -9.293308 -1.541730 177.741058 -513.000000 -523.000000 -523.000000
-8.980284 -1.451604 -8.662335 -8.130102 -1.034294 -114.670708 -511.000000 -539.000000 -522.000000
-8.155442 -0.850170 -42.364239 -7.369584 -0.179250 -62.613506 -513.000000 -542.000000 -525.000000
-8.292911 -0.062477 -23.501684 -8.105267 0.702422 -11.514550 -512.000000 -539.000000 -525.000000
-8.709434 0.354367 -7.633799 -8.679087 0.882168 2.437223 -515.000000 -538.000000 -526.000000
-8.707391 -0.032939 -32.238693 -8.407378 -0.000000 -46.950352 -518.000000 -538.000000 -525.000000
-8.370066 -0.284070 -52.109749 -7.853313 -0.177925 -63.822693 -521.000000 -536.000000 -524.000000
-7.710778 -0.376302 -55.184532 -6.991925 -0.178835 -56.555946 -523.000000 -535.000000 -524.000000
-6.950068 -0.180950 -22.505127 -6.160457 0.180840 -2.046136 -526.000000 -533.000000 -524.000000
-5.489854 -0.100600 17.878922 -4.289153 0.178547 42.899685 -524.000000 -531.000000 -528.000000
-5.818098 -1.258449 113.079483 -5.727835 -1.732290 171.358093 -522.000000 -532.000000 -528.000000
-7.301377 -1.694180 -51.514153 -7.911880 -1.714001 -152.248398 -523.000000 -534.000000 -525.000000
-8.746161 -1.004610 -17.187357 -9.323592 -0.337541 4.248614 -524.000000 -534.000000 -523.000000
-9.226603 -0.316487 -6.604858 -9.211026 0.339678 0.168843 -524.000000 -533.000000 -522.000000
-9.200185 0.053240 -7.081034 -8.875410 0.509984 -7.099233 -524.000000 -533.000000 -524.000000
-8.973808 -0.229796 -36.305370 -8.539179 -0.170152 -53.862633 -522.000000 -534.000000 -525.000000
-8.446779 -0.336642 -53.531887 -7.841703 -0.169940 -63.625595 -520.000000 -534.000000 -526.000000
-7.682758 -0.586138 -70.407356 -6.957056 -0.507790 -80.193665 -516.000000 -534.000000 -529.000000
-8.079712 -0.889051 -90.692177 -8.082633 -0.839091 -102.477966 -513.000000 -535.000000 -530.000000
-8.312420 -1.004881 -98.949768 -8.224728 -0.836319 -103.303871 -511.000000 -536.000000 -530.000000
-8.111384 -0.838521 -89.469109 -7.750036 -0.503884 -82.969078 -513.000000 -535.000000 -529.000000
-7.625371 -0.768339 -84.654549 -7.083286 -0.504648 -81.052757 -515.000000 -533.000000 -529.000000
-7.511973 -1.045163 -103.316086 -7.187047 -1.000114 -114.068954 -518.000000 -532.000000 -529.000000
-7.373656 -1.253605 -118.635353 -7.021595 -1.167177 -127.264702 -521.000000 -532.000000 -529.000000
-7.213360 -1.433599 -133.313370 -6.836167 -1.330485 -141.493713 -524.000000 -532.000000 -527.000000
-7.144510 -1.910604 -154.787628 -6.816424 -1.989548 -167.056442 -526.000000 -532.000000 -526.000000
-6.515470 -2.097708 -169.665451 -5.843260 -1.999121 -177.813019 -527.000000 -532.000000 -526.000000
-5.889809 -2.183420 43.657150 -5.224905 -2.018906 174.834732 -527.000000 -533.000000 -526.000000
-5.027503 -2.224331 120.816422 -4.242657 -2.033760 167.880371 -523.000000 -533.000000 -527.000000
-4.588879 -2.133988 145.445908 -4.073534 -1.864805 160.090668 -522.000000 -533.000000 -528.000000
-4.291835 -1.984272 150.885132 -3.881376 -1.685778 153.714249 -519.000000 -532.000000 -530.000000
-4.838304 -2.108134 162.987640 -4.955449 -1.978922 169.865829 -517.000000 -532.000000 -531.000000
-5.408259 -2.341355 -44.065041 -5.548466 -2.279889 -170.976868 -515.000000 -532.000000 -532.000000
-6.038269 -2.330595 -124.123833 -6.214029 -2.120718 -172.551056 -515.000000 -532.000000 -531.000000
-6.456336 -2.317272 -153.966812 -6.501386 -2.107468 -171.371521 -515.000000 -532.000000 -531.000000
-6.732738 -2.421278 -167.465256 -6.681341 -2.275070 -174.754929 -517.000000 -534.000000 -532.000000
-7.324712 -2.450579 47.029430 -7.466298 -2.264745 178.930817 -517.000000 -533.000000 -532.000000
-7.124845 -2.382112 -89.013779 -6.777277 -2.142886 -172.064545 -518.000000 -532.000000 -531.000000
-6.671059 -2.364399 -141.186844 -6.156787 -2.158014 -172.411911 -521.000000 -532.000000 -530.000000
-6.798014 -2.556703 -164.823532 -6.632514 -2.480092 -178.395187 -523.000000 -532.000000 -529.000000
-6.836486 -2.724063 48.584480 -6.613461 -2.637649 179.766739 -524.000000 -531.000000 -527.000000
-5.799733 -2.885429 -71.806023 -4.927110 -2.786390 -145.354721 -523.000000 -533.000000 -526.000000
-4.859654 -3.029081 -120.147156 -4.062481 -2.920006 -149.153198 -521.000000 -533.000000 -526.000000
-4.285738 -3.178894 -142.294601 -3.727883 -3.074430 -155.084549 -519.000000 -533.000000 -527.000000
-4.521734 -3.206799 -137.916306 -4.472130 -3.028755 -134.423798 -517.000000 -533.000000 -526.000000
-4.785978 -3.110068 -140.844376 -4.763642 -2.852534 -141.823410 -515.000000 -534.000000 -529.000000
-5.108603 -2.987022 -146.597183 -5.122067 -2.715441 -149.292358 -515.000000 -534.000000 -529.000000
-5.679466 -2.857604 -157.014526 -5.839492 -2.589076 -162.535202 -516.000000 -533.000000 -529.000000
-6.110358 -2.810825 -164.968338 -6.178896 -2.594825 -168.942505 -517.000000 -533.000000 -529.000000
-6.086784 -2.898465 -160.400925 -5.872628 -2.766181 -156.702972 -518.000000 -533.000000 -529.000000
-5.868738 -2.924170 -155.075470 -5.532757 -2.759944 -150.943817 -519.000000 -532.000000 -529.000000
-5.592697 -2.938875 -150.284485 -5.223948 -2.769220 -146.511246 -519.000000 -532.000000 -529.000000
-5.477102 -2.835047 -153.974243 -5.209146 -2.599202 -155.405869 -519.000000 -531.000000 -529.000000
-5.696772 -2.675719 -161.644608 -5.630683 -2.407849 -165.494202 -520.000000 -531.000000 -529.000000
-5.937240 -2.698141 -163.501190 -5.884360 -2.538455 -163.772858 -520.000000 -532.000000 -529.000000
-6.308203 -2.703147 -169.461197 -6.340192 -2.529260 -172.234848 -519.000000 -533.000000 -529.000000
-7.049631 -2.715718 39.301983 -7.321908 -2.538163 167.584641 -516.000000 -535.000000 -529.000000
-7.876052 -2.237375 -84.134529 -8.198069 -1.761628 -159.583420 -516.000000 -535.000000 -528.000000
-8.065925 -1.868252 -118.961174 -7.992151 -1.462873 -139.746536 -517.000000 -535.000000 -528.000000
-8.096169 -1.737083 -132.329269 -7.920740 -1.480083 -139.857178 -518.000000 -535.000000 -528.000000
-7.678701 -1.885591 -147.791183 -7.226604 -1.801271 -156.538040 -519.000000 -535.000000 -528.000000
-7.470677 -2.026407 -157.929352 -7.145106 -1.942873 -163.354233 -520.000000 -534.000000 -529.000000
-7.454985 -2.068889 -161.439240 -7.244507 -1.925999 -162.781662 -521.000000 -534.000000 -528.000000
-7.303389 -2.170084 -166.342270 -7.006800 -2.064141 -168.519547 -522.000000 -534.000000 -529.000000
-6.992919 -2.226467 -169.182175 -6.606517 -2.089184 -170.083420 -521.000000 -535.000000 -529.000000
-6.618700 -2.363957 -170.502045 -6.196414 -2.277242 -170.463821 -521.000000 -535.000000 -530.000000
-6.518964 -2.428786 -171.250961 -6.267481 -2.303228 -170.859787 -521.000000 -534.000000 -531.000000
-6.378302 -2.555265 -169.238129 -6.103809 -2.468311 -167.169479 -521.000000 -534.000000 -530.000000
-6.218962 -2.603238 -167.299362 -5.940037 -2.469055 -165.287262 -520.000000 -534.000000 -531.000000
-6.690930 -2.789472 42.925186 -6.804260 -2.745533 172.031845 -519.000000 -533.000000 -532.000000
-7.348602 -3.256619 87.117874 -7.584012 -3.374806 113.885612 -517.000000 -535.000000 -530.000000
-7.126667 -3.048218 139.759949 -6.823462 -2.753232 171.474655 -517.000000 -535.000000 -530.000000
-6.852508 -2.772152 -54.545174 -6.519802 -2.438180 -173.776642 -517.000000 -535.000000 -530.000000
